$ 3 0.000005 10.20027730826997 50 5 50 5e-11
R 464 248 384 248 0 2 10 2.5 2.5 3.141592653589793 0.5
R 464 328 384 328 0 2 20 2.5 2.5 3.141592653589793 0.5
151 888 400 1048 400 1 2 0 5
153 888 464 1048 464 1 2 0 5
150 888 240 1040 240 0 2 5 5
152 888 328 1048 328 0 2 5 5
154 888 552 1056 552 0 2 0 5
w 464 328 616 328 0
w 616 328 616 256 0
w 616 256 888 256 0
w 888 344 616 344 0
w 616 344 616 328 0
w 888 568 616 568 0
w 616 344 616 408 0
w 464 248 560 248 0
w 888 224 560 224 0
w 560 224 560 248 0
w 560 248 560 312 0
w 888 536 560 536 0
w 1288 792 1288 800 0
w 888 456 560 456 0
w 560 448 560 456 0
w 560 456 560 504 0
w 888 408 616 408 0
w 616 408 616 472 0
w 888 472 616 472 0
w 616 472 616 544 0
w 888 392 560 392 0
w 560 392 560 448 0
w 888 312 560 312 0
w 560 312 560 392 0
M 1048 240 1120 240 0 2.5
M 1056 328 1120 328 0 2.5
M 1048 400 1120 400 0 2.5
M 1048 464 1120 464 0 2.5
M 1064 552 1128 552 0 2.5
w 1056 328 1048 328 0
w 1048 240 1040 240 0
w 1064 552 1056 552 0
w 560 504 560 536 0
w 616 568 616 544 0
o 31 64 0 4102 5 0.1 0 1 Output\sAND
o 32 64 0 4102 5 0.1 0 1 Output\sOR
o 33 64 0 4102 5 0.1 0 1 Output\sNAND
o 34 64 0 4102 5 0.1 0 1 Output\sNOR
o 35 64 0 4098 5 0.1 0 1 Output\sXOR
o 0 64 0 4099 5 0.00009765625 1 2 0 3 Input\sA
o 1 64 0 4099 5 0.00009765625 2 2 1 3 Input\sB
