$ 1 0.000005 10.20027730826997 50 5 50 5e-11
152 464 256 672 256 0 2 5 5
152 464 384 672 384 0 2 5 5
150 720 320 928 320 0 2 5 5
w 672 384 672 336 0
w 672 336 720 336 0
w 672 256 672 304 0
w 672 304 720 304 0
M 928 320 1024 320 0 2.5
R 320 416 240 416 0 2 40 5 5 3.141592653589793 0.5
R 320 352 240 352 0 2 20 5 5 3.141592653589793 0.5
R 320 288 240 288 0 2 10 5 5 3.141592653589793 0.5
w 320 288 384 288 0
w 384 288 384 240 0
w 384 240 464 240 0
w 320 352 464 352 0
w 384 288 384 368 0
w 384 368 464 368 0
w 320 416 432 416 0
w 432 416 432 400 0
w 432 400 464 400 0
w 464 352 464 272 0
x 128 425 205 428 4 24 Input\sC
x 132 285 208 288 4 24 Input\sA
x 129 356 205 359 4 24 Input\sB
x 1053 325 1139 328 4 24 Ouput\sF
o 10 64 0 4103 10 0.00009765625 0 2 10 3 Input\sA
o 9 64 0 4103 10 0.00009765625 0 2 9 3 Input\sB
o 8 64 0 4103 10 0.00009765625 0 2 8 3 Input\sC
o 7 64 0 4098 5 0.1 1 1
